Size: 210
Order: 404
Assortativity: 0.026
Transitivity: 0.232
Degree: 0.01841
Coreness: 2.0
Num_Triangles: 0.0
Num_Cliques: 190
Clique_Number: 4
Clustering: 0.091
Edge_conn: 0
Eccentricity: 7.0
Diameter: 11
Closeness: 0.03977
Betweeness: 0.00015
Ave_Node_conn: 0.021
Density: 0.00920483025746
Radius: 4
Isolates: []
Pagerank: 0.00476
Square_clust: 0.11776
Communicability: 1.92049
